category,4050,animalcompany,artwork-creative-h-and-m,artwork-dark,bj,body,cat,ceo,club,dog,evil-omen,fashionshow,good-omen,group,kids,landscape,location,lookbook,model-and-actor,musician,panorama,person,portrait-strong,product,seminude,street,uniform,wedding,withyou,zoo
4050,0.0,0.01328968501829214,0.012347193718211833,0.01822149846821926,0.02718910799797744,0.22506580708485757,0.020313197108949767,0.026843341958894734,0.007249933077540824,0.09254533376956862,0.025203741709050882,0.007751851521370574,0.00786338895333274,0.018381368787365043,0.012904880878022664,0.021760952975818676,0.010941822075488534,0.05395065584009997,0.055322566253234604,0.017700990452395825,0.013250646917105383,0.09325830582076677,0.010109009250171025,0.01931828321584724,0.04914711043692933,0.025508610689747472,0.015897801969007464,0.015291781922013026,0.04209422682252163,0.009155364206894502
animalcompany,0.01328968501829214,0.0,0.014906977781743554,0.019621293239344452,0.03113195621784003,0.23039171946105105,0.020720308735611672,0.0306411915172065,0.009140492549299545,0.08657250428799457,0.02727276107194907,0.009642410993129295,0.00899549388774873,0.024822655483180155,0.016725037922726862,0.023517667529222797,0.013055456411171586,0.05566275542071921,0.05897541714999555,0.020428080663870793,0.014873516552154903,0.09780345617322506,0.011523675678891166,0.020528464352636746,0.05506417120252225,0.02677456054251806,0.01750951786086077,0.01660234674756848,0.041530962791112694,0.009250171024062339
artwork-creative-h-and-m,0.012347193718211833,0.014906977781743554,0.0,0.015064989143689951,0.028449480979149924,0.22811077897742477,0.02074373159632372,0.028973706909372114,0.008086463817257075,0.09460877626086868,0.023482347342434776,0.008655304720264122,0.007852235210136524,0.023344784509681447,0.016596769875970377,0.02306594092977602,0.012046042651913984,0.050504149192469,0.05731908628535739,0.018983670919960734,0.0140648701704292,0.09755249695131016,0.009250171024062344,0.019909431605246716,0.05241515719342078,0.026077451592754517,0.01751509473245888,0.016596769875970366,0.04324306237173195,0.010504967133636718
artwork-dark,0.01822149846821926,0.019621293239344452,0.015064989143689951,0.0,0.03579607983105796,0.23304816929894992,0.025529431010380407,0.03527185390083576,0.013603848784985573,0.09811848745327821,0.024850539841170693,0.014217304660777488,0.012254245858243355,0.029620624014752676,0.021935694952559405,0.028047946224086122,0.016098569346539363,0.059077659795960864,0.06314877606257994,0.024344903482942205,0.017849707028345378,0.10199912257220188,0.014923708396537876,0.025203741709050886,0.05893637904880879,0.03112637934624192,0.02236325510841437,0.020909550578507477,0.04789045537015556,0.01571004729187115
bj,0.02718910799797744,0.03113195621784003,0.028449480979149924,0.03579607983105796,0.0,0.23782197138693062,0.03851238809077658,0.04459638321287288,0.02397682995746705,0.11069990977861058,0.0431798578269534,0.024835668183575736,0.026062579935159563,0.03649132982362213,0.03206329377472411,0.03996014395764551,0.028427173492757495,0.06643913030546386,0.06429389369739154,0.03253175098896523,0.03113753308943814,0.1019247642842271,0.027772820558579454,0.036580559769191855,0.06418607417982808,0.04116474822283691,0.03400776300526455,0.03219713869307872,0.05962419321257547,0.02735455518872133
body,0.22506580708485757,0.23039171946105105,0.22811077897742477,0.23304816929894992,0.23782197138693062,0.0,0.23779445882037997,0.24340999672823527,0.22493196216650294,0.30507433350187907,0.24119040183218807,0.2260584902293208,0.22429619880431861,0.23108882841081452,0.2298953778888194,0.2387737574730078,0.2270623271169803,0.2632896850182921,0.24680073465988506,0.22712924957615763,0.23111113589720692,0.2761703994527232,0.22654181910115692,0.23492571607031312,0.20722353588530962,0.24265526010529118,0.23201830701049933,0.23359842062996328,0.2601777906665476,0.2271050831325658
cat,0.020313197108949767,0.020720308735611672,0.02074373159632372,0.025529431010380407,0.03851238809077658,0.23779445882037997,0.0,0.03707355521846463,0.01616400463995717,0.09664098827121936,0.03407319829868237,0.01666592308378692,0.015952083519229058,0.030686178281431244,0.023135094137592575,0.030139644864816625,0.02007896850182921,0.062347193718211846,0.06635584902293207,0.02715044168823057,0.020737039350405995,0.10344390410755179,0.018814877606257992,0.027696975104845183,0.06114705095029893,0.034422682252163814,0.02436572380357514,0.023893548674935306,0.04554296421879184,0.017281237916778207
ceo,0.026843341958894734,0.0306411915172065,0.028973706909372114,0.03527185390083576,0.04459638321287288,0.24340999672823527,0.03707355521846463,0.0,0.024791053210790875,0.10957338171579269,0.04314639659736476,0.025292971654620622,0.024400672198923293,0.03641325362124861,0.02915216680051158,0.03939130305463844,0.027858332589750442,0.06685181880372386,0.0686698789447072,0.033368281728681476,0.03088099699592516,0.11086634841319405,0.026728086612533827,0.031951756342761956,0.06645028404866009,0.04304973082299752,0.030672793789595774,0.03167291276285654,0.05999226673805063,0.026265206269890835
club,0.007249933077540824,0.009140492549299545,0.008086463817257075,0.013603848784985573,0.02397682995746705,0.22493196216650294,0.01616400463995717,0.024791053210790875,0.0,0.08875306108285497,0.021351982391957406,0.0028442045150352457,0.0037141964843401447,0.017489069331667707,0.010830284643526365,0.01738868564290175,0.006814937092888373,0.048953778888194896,0.052087980726331765,0.014243330061568662,0.00863299723387169,0.09186037000684094,0.005424437107760031,0.014544481127866509,0.04930326284167635,0.01973097171410725,0.011079384908241873,0.011008744534665833,0.037521192112072804,0.004783096873977575
dog,0.09254533376956862,0.08657250428799457,0.09460877626086868,0.09811848745327821,0.11069990977861058,0.30507433350187907,0.09664098827121936,0.10957338171579269,0.08875306108285497,0.0,0.1072422493877834,0.08925497952668472,0.08894267471719064,0.10120063848983271,0.09438570139694437,0.10313023606277821,0.092668024944727,0.13520840149509725,0.13388110605474754,0.0973749045735304,0.09448608508571031,0.1673479125149956,0.09033317470231898,0.09850143263634827,0.13391456728433612,0.10625328415771887,0.09655324549140913,0.09581338052606013,0.10494086037496404,0.08817492539385105
evil-omen,0.025203741709050882,0.02727276107194907,0.023482347342434776,0.024850539841170693,0.0431798578269534,0.24119040183218807,0.03407319829868237,0.04314639659736476,0.021351982391957406,0.1072422493877834,0.0,0.021958002438951844,0.020664168228190706,0.03602287260938104,0.029364087921239686,0.03569941405669075,0.024999256417120246,0.06690758751970494,0.07155869843252727,0.03320097558073823,0.026638856666964097,0.11125672942506169,0.022664406174712225,0.03352443413342851,0.06627554207191931,0.039610660004164064,0.030371642723297926,0.028739478302251566,0.05655319591921717,0.023495360042830375
fashionshow,0.007751851521370574,0.009642410993129295,0.008655304720264122,0.014217304660777488,0.024835668183575736,0.2260584902293208,0.01666592308378692,0.025292971654620622,0.0028442045150352457,0.08925497952668472,0.021958002438951844,0.0,0.004216114928169894,0.018660212367270456,0.011332203087356114,0.01699830463103417,0.007517622914250022,0.04918800749531545,0.05138529490497012,0.01474524850539841,0.009335683055233336,0.09242177508105053,0.005970970524374648,0.015537164272329792,0.04944826150322717,0.019362898188632103,0.011893608161565688,0.011555277951280451,0.03822387793343446,0.005508090181731656
good-omen,0.00786338895333274,0.00899549388774873,0.007852235210136524,0.012254245858243355,0.026062579935159563,0.22429619880431861,0.015952083519229058,0.024400672198923293,0.0037141964843401447,0.08894267471719064,0.020664168228190706,0.004216114928169894,0.0,0.01939635941822076,0.011332203087356116,0.017689836709199602,0.007718390291781921,0.04981261711430357,0.053682966003390745,0.014589096100651377,0.008911840813777104,0.09429560393801492,0.004424318134499271,0.014644864816632462,0.04831057969721306,0.02197287409654679,0.012116683025490021,0.012023735165521549,0.038915410011599885,0.005195785372237589
group,0.018381368787365043,0.024822655483180155,0.023344784509681447,0.029620624014752676,0.03649132982362213,0.23108882841081452,0.030686178281431244,0.03641325362124861,0.017489069331667707,0.10120063848983271,0.03602287260938104,0.018660212367270456,0.01939635941822076,0.0,0.024125546533416614,0.03329392344070669,0.021359418220754885,0.0638328723119479,0.06018559828678507,0.02840858392076381,0.023489783171232265,0.0990768418547931,0.021106600041640642,0.030717408762380653,0.05902932690877727,0.03530159721602568,0.027341542488325737,0.026869367359685904,0.05208798072633176,0.020688334671782514
kids,0.012904880878022664,0.016725037922726862,0.016596769875970377,0.021935694952559405,0.03206329377472411,0.2298953778888194,0.023135094137592575,0.02915216680051158,0.010830284643526365,0.09438570139694437,0.029364087921239686,0.011332203087356114,0.011332203087356116,0.024125546533416614,0.0,0.025475149460158813,0.014254483804764876,0.057620237351655224,0.0582113857410547,0.020299812617114305,0.016964843401445526,0.09728480711460097,0.013570387555396923,0.02196172035335059,0.05318104755956102,0.029088962255733,0.018496624133725947,0.018515213705719635,0.0448268939055947,0.0123490526754112
landscape,0.021760952975818676,0.023517667529222797,0.02306594092977602,0.028047946224086122,0.03996014395764551,0.2387737574730078,0.030139644864816625,0.03939130305463844,0.01738868564290175,0.10313023606277821,0.03569941405669075,0.01699830463103417,0.017689836709199602,0.03329392344070669,0.025475149460158813,0.0,0.02125903453198893,0.06185865976621757,0.0674020701347372,0.028776657446238953,0.023478629428036045,0.1069439487225246,0.020381606733886556,0.029144730971714102,0.06376966776716933,0.03346122958864994,0.024430415514113193,0.025519764432943685,0.05281297403408583,0.018814505814818114
location,0.010941822075488534,0.013055456411171586,0.012046042651913984,0.016098569346539363,0.028427173492757495,0.2270623271169803,0.02007896850182921,0.027858332589750442,0.006814937092888373,0.092668024944727,0.024999256417120246,0.007517622914250022,0.007718390291781921,0.021359418220754885,0.014254483804764876,0.02125903453198893,0.0,0.053136432586776146,0.05511064513250649,0.018269831355402874,0.010651824752386902,0.09512098093453496,0.010142470479759674,0.018950209690372085,0.05054132833645641,0.02442669759971446,0.015931263198596116,0.014678326046221109,0.04110154367805836,0.008921135599773951
lookbook,0.05395065584009997,0.05566275542071921,0.050504149192469,0.059077659795960864,0.06643913030546386,0.2632896850182921,0.062347193718211846,0.06685181880372386,0.048953778888194896,0.13520840149509725,0.06690758751970494,0.04918800749531545,0.04981261711430357,0.0638328723119479,0.057620237351655224,0.06185865976621757,0.053136432586776146,0.0,0.09463951101989823,0.05924868385830286,0.05272374408851611,0.13325191100800088,0.051679010142470505,0.05778754349959847,0.08741560334314857,0.06391094851432143,0.05172734302965409,0.0561256357633622,0.08513652181672164,0.05246534903780378
model-and-actor,0.055322566253234604,0.05897541714999555,0.05731908628535739,0.06314877606257994,0.06429389369739154,0.24680073465988506,0.06635584902293207,0.0686698789447072,0.052087980726331765,0.13388110605474754,0.07155869843252727,0.05138529490497012,0.053682966003390745,0.06018559828678507,0.0582113857410547,0.0674020701347372,0.05511064513250649,0.09463951101989823,0.0,0.05406219327206211,0.05951637369501205,0.11039045537015547,0.05456039380149313,0.06139020255197646,0.0833147437613396,0.07030204336575355,0.06061687635703876,0.06064290175782995,0.08566074774694389,0.05519801612087686
musician,0.017700990452395825,0.020428080663870793,0.018983670919960734,0.024344903482942205,0.03253175098896523,0.22712924957615763,0.02715044168823057,0.033368281728681476,0.014243330061568662,0.0973749045735304,0.03320097558073823,0.01474524850539841,0.014589096100651377,0.02840858392076381,0.020299812617114305,0.028776657446238953,0.018269831355402874,0.05924868385830286,0.05406219327206211,0.0,0.020667886142589454,0.09362637934624192,0.01698343297343922,0.02579860801284911,0.05324797001873831,0.03250200767377531,0.021931977038160674,0.021549031855090564,0.049556081020790586,0.016052095416555126
panorama,0.013250646917105383,0.014873516552154903,0.0140648701704292,0.017849707028345378,0.03113753308943814,0.23111113589720692,0.020737039350405995,0.03088099699592516,0.00863299723387169,0.09448608508571031,0.026638856666964097,0.009335683055233336,0.008911840813777104,0.023489783171232265,0.016964843401445526,0.023478629428036045,0.010651824752386902,0.05272374408851611,0.05951637369501205,0.020667886142589454,0.0,0.09930363463311621,0.011648225811248926,0.020567502453823504,0.055482436572380375,0.02624475774069777,0.017749323339579435,0.01709868831980012,0.04291960381904166,0.010739195740757268
person,0.09325830582076677,0.09780345617322506,0.09755249695131016,0.10199912257220188,0.1019247642842271,0.2761703994527232,0.10344390410755179,0.11086634841319405,0.09186037000684094,0.1673479125149956,0.11125672942506169,0.09242177508105053,0.09429560393801492,0.0990768418547931,0.09728480711460097,0.1069439487225246,0.09512098093453496,0.13325191100800088,0.11039045537015547,0.09362637934624192,0.09930363463311621,0.0,0.0961396894797894,0.1036982094524255,0.1183802534130454,0.1082452187620832,0.10161617738913177,0.09844479640700751,0.1190680675768121,0.09509681449094314
portrait-strong,0.010109009250171025,0.011523675678891166,0.009250171024062344,0.014923708396537876,0.027772820558579454,0.22654181910115692,0.018814877606257992,0.026728086612533827,0.005424437107760031,0.09033317470231898,0.022664406174712225,0.005970970524374648,0.004424318134499271,0.021106600041640642,0.013570387555396923,0.020381606733886556,0.010142470479759674,0.051679010142470505,0.05456039380149313,0.01698343297343922,0.011648225811248926,0.0961396894797894,0.0,0.01679381933910354,0.051061836352279844,0.02368311471996668,0.014399482466315696,0.014180125516790099,0.04084872549894412,0.007746274649772465
product,0.01931828321584724,0.020528464352636746,0.019909431605246716,0.025203741709050886,0.036580559769191855,0.23492571607031312,0.027696975104845183,0.031951756342761956,0.014544481127866509,0.09850143263634827,0.03352443413342851,0.015537164272329792,0.014644864816632462,0.030717408762380653,0.02196172035335059,0.029144730971714102,0.018950209690372085,0.05778754349959847,0.06139020255197646,0.02579860801284911,0.020567502453823504,0.1036982094524255,0.01679381933910354,0.0,0.06053136432586778,0.03258008387614882,0.020693911543380624,0.02325555456411171,0.04631034175069152,0.01618222242051099
seminude,0.04914711043692933,0.05506417120252225,0.05241515719342078,0.05893637904880879,0.06418607417982808,0.20722353588530962,0.06114705095029893,0.06645028404866009,0.04930326284167635,0.13391456728433612,0.06627554207191931,0.04944826150322717,0.04831057969721306,0.05902932690877727,0.05318104755956102,0.06376966776716933,0.05054132833645641,0.08741560334314857,0.0833147437613396,0.05324797001873831,0.055482436572380375,0.1183802534130454,0.051061836352279844,0.06053136432586778,0.0,0.06729425061717376,0.0566424258647869,0.056542042176020955,0.08312141221260519,0.05114920734065021
street,0.025508610689747472,0.02677456054251806,0.026077451592754517,0.03112637934624192,0.04116474822283691,0.24265526010529118,0.034422682252163814,0.04304973082299752,0.01973097171410725,0.10625328415771887,0.039610660004164064,0.019362898188632103,0.02197287409654679,0.03530159721602568,0.029088962255733,0.03346122958864994,0.02442669759971446,0.06391094851432143,0.07030204336575355,0.03250200767377531,0.02624475774069777,0.1082452187620832,0.02368311471996668,0.03258008387614882,0.06729425061717376,0.0,0.028490378037536054,0.029267422146872477,0.055132952618898896,0.02264023973112043
uniform,0.015897801969007464,0.01750951786086077,0.01751509473245888,0.02236325510841437,0.03400776300526455,0.23201830701049933,0.02436572380357514,0.030672793789595774,0.011079384908241873,0.09655324549140913,0.030371642723297926,0.011893608161565688,0.012116683025490021,0.027341542488325737,0.018496624133725947,0.024430415514113193,0.015931263198596116,0.05172734302965409,0.06061687635703876,0.021931977038160674,0.017749323339579435,0.10161617738913177,0.014399482466315696,0.020693911543380624,0.0566424258647869,0.028490378037536054,0.0,0.019091490437524165,0.04686059308170487,0.013207890901519885
wedding,0.015291781922013026,0.01660234674756848,0.016596769875970366,0.020909550578507477,0.03219713869307872,0.23359842062996328,0.023893548674935306,0.03167291276285654,0.011008744534665833,0.09581338052606013,0.028739478302251566,0.011555277951280451,0.012023735165521549,0.026869367359685904,0.018515213705719635,0.025519764432943685,0.014678326046221109,0.0561256357633622,0.06064290175782995,0.021549031855090564,0.01709868831980012,0.09844479640700751,0.014180125516790099,0.02325555456411171,0.056542042176020955,0.029267422146872477,0.019091490437524165,0.0,0.04620995806192558,0.01331571041908331
withyou,0.04209422682252163,0.041530962791112694,0.04324306237173195,0.04789045537015556,0.05962419321257547,0.2601777906665476,0.04554296421879184,0.05999226673805063,0.037521192112072804,0.10494086037496404,0.05655319591921717,0.03822387793343446,0.038915410011599885,0.05208798072633176,0.0448268939055947,0.05281297403408583,0.04110154367805836,0.08513652181672164,0.08566074774694389,0.049556081020790586,0.04291960381904166,0.1190680675768121,0.04084872549894412,0.04631034175069152,0.08312141221260519,0.055132952618898896,0.04686059308170487,0.04620995806192558,0.0,0.039136625918324855
zoo,0.009155364206894502,0.009250171024062339,0.010504967133636718,0.01571004729187115,0.02735455518872133,0.2271050831325658,0.017281237916778207,0.026265206269890835,0.004783096873977575,0.08817492539385105,0.023495360042830375,0.005508090181731656,0.005195785372237589,0.020688334671782514,0.0123490526754112,0.018814505814818114,0.008921135599773951,0.05246534903780378,0.05519801612087686,0.016052095416555126,0.010739195740757268,0.09509681449094314,0.007746274649772465,0.01618222242051099,0.05114920734065021,0.02264023973112043,0.013207890901519885,0.01331571041908331,0.039136625918324855,0.0
