category,4050,after-finish,animalcompany,artwork-creative-h-and-m,artwork-dark,bj,body,cat,ceo,club,couple,dog,event,evil-omen,fashionshow,first-birthday,food,good-omen,group,kids,landscape,location,lookbook,model-and-actor,model-works,musician,panorama,person,portrait-strong,product,profile-1,review,seminude,street,tour,uniform,video-club,video-entertainment,video-excercise,video-fashion,video-music,video-sketch,video-wedding,wedding,withyou,zoo
4050,0.0,0.010067757504575616,0.004213017049471536,0.003734013184625388,0.006309748432822709,0.0038904365518338635,0.10785129836546391,0.003992954117893102,0.011620962335074089,0.0033911210005892,0.003192874699972967,0.01380234420532237,0.0033928674633133785,0.0036195516305038756,0.0036932691793552966,0.003364668566756721,0.003765937128021602,0.0034762694036816434,0.007799612954704447,0.004871854426965491,0.0036281339441225063,0.0036319417960780534,0.008944826587795891,0.007748931167975729,0.0034114407672801257,0.004612004455663864,0.004377824416815555,0.00906432025732908,0.003598349282538137,0.006226877650839404,0.003358941592147291,0.00649720115399748,0.009795017134230524,0.004398973178411527,0.0033659887925171147,0.004955720764835439,0.02722220391613646,0.005553604341031765,0.003963201958153138,0.004829491551721704,0.0040635434992535285,0.0070004266113573395,0.005727508157196211,0.003858590213666672,0.01479522367492544,0.0034998077955790577
after-finish,0.010067757504575616,0.0,0.009825795197081579,0.00965318043032008,0.010890806392612175,0.009911756973322614,0.10827070382158695,0.00973346912377355,0.014680464721940893,0.009502443908621122,0.00950046954754034,0.01641040658113167,0.009503067305847313,0.009603317766975485,0.009614415001810006,0.00949303603490339,0.009642562991656584,0.009533162516333533,0.012381569900074108,0.010186020243225844,0.009589582603656298,0.009601004228587577,0.01264510381052608,0.011944395506277945,0.00950971433348628,0.010080253509169532,0.009897579765797294,0.012990463609511062,0.009578353520046975,0.01084300437491274,0.009491007702836961,0.011000470964070573,0.013388214772006824,0.009906952287168723,0.009493504049991467,0.01016641071838408,0.02863293775789639,0.01047087674326178,0.009721301783041324,0.010105480060046869,0.009762639211103685,0.011304986127229593,0.010564141625641087,0.009684631582028246,0.017253851227680382,0.009541770967794684
animalcompany,0.004213017049471536,0.009825795197081579,0.0,0.003089024002375388,0.005909352656290283,0.0038252709428756426,0.10787849658690533,0.0032824919165853933,0.011485025726586351,0.0025857710116500847,0.0025785059844686434,0.013219575368177866,0.0025880609938066304,0.0028996755997006953,0.0029709842334197174,0.002550981114821027,0.0030381846665798115,0.002674411939341305,0.008348236021976162,0.004488293649440276,0.002889613469055461,0.0029272946017706806,0.008648215231183051,0.007684943428457492,0.0026123625691533738,0.004242791804616849,0.003788384445712876,0.009113759959674112,0.00278203071108381,0.005808558600353285,0.00254342263564469,0.006115564807894606,0.009768761499359799,0.003746980093829089,0.0025527222009853767,0.004443610962165112,0.02711559445921532,0.0051018654687064865,0.003295737432487471,0.004243228109824301,0.0033621366849960724,0.006560432847683852,0.005290638881534246,0.0031435189622179495,0.014395729211000966,0.0025213088346063006
artwork-creative-h-and-m,0.003734013184625388,0.00965318043032008,0.003089024002375388,0.0,0.005518581934457857,0.0032304865707842413,0.10785712623408987,0.0027870833925405705,0.011311807191978088,0.0018079165641156096,0.0017681590729122924,0.01350292030679186,0.0017620060173007483,0.001993863574458754,0.002337603148644295,0.0017734558955600514,0.0024508026647585414,0.0017837948108765638,0.008053665994765017,0.0040901228741381974,0.0022332727477560616,0.0022186354498916388,0.008359198212074637,0.0074146624353500995,0.0018606663747262134,0.003665024401444409,0.003278052301439381,0.008988284793738744,0.0020111203811719715,0.005511174543725091,0.001762566273600217,0.005834190096738549,0.009542161504947886,0.0033429203211802687,0.001775959402893771,0.004047631350357531,0.027067095872780778,0.004760952890556977,0.0027428493132451164,0.003875791714279424,0.0028701574570493657,0.006367246113615767,0.004962711047414015,0.002593206059948505,0.014516294115250291,0.00201811938580747
artwork-dark,0.006309748432822709,0.010890806392612175,0.005909352656290283,0.005518581934457857,0.0,0.006037323697977914,0.1079760727379731,0.005761389181267228,0.012396970475699216,0.005361867617823167,0.005358367824096382,0.014405884790464063,0.00533176838834437,0.005405880471301519,0.0055578916813481824,0.005345177010590417,0.005606443182859805,0.005313334351323129,0.009578959092980363,0.0064967832432656,0.005514823535428629,0.0055346604513670525,0.009853727634675333,0.00899634231569788,0.0053747419304636754,0.006309357227637088,0.0060025992053582096,0.010250978747832947,0.005385202564187561,0.0074505379264473365,0.005341573862625187,0.007711260956933682,0.01081722101777161,0.006049866753475451,0.005346008161401777,0.0064549914960256305,0.0275115689142671,0.006604381549459416,0.005683076169881629,0.006288019363219706,0.00570576803605659,0.008035516943018307,0.007074904409331105,0.0053364421114285784,0.015367126156230312,0.005431259275381679
bj,0.0038904365518338635,0.009911756973322614,0.0038252709428756426,0.0032304865707842413,0.006037323697977914,0.0,0.10781743119549075,0.0035814616729584496,0.011412085223800097,0.0028953215310061776,0.002735765838984364,0.013688969672311604,0.002897366865083091,0.003134073499326952,0.003243982484300216,0.0027589455490673476,0.0033264797578645283,0.002994600823856827,0.007925263742313164,0.004667988181997926,0.003169627903045528,0.003114321789712264,0.00810535402700526,0.007204453375964784,0.0029190945918095342,0.003730699172182318,0.004006061875675077,0.008234267491488992,0.0031354908206552897,0.005889955839686494,0.0028575643031658686,0.0062527440346440725,0.009532942431494605,0.004029162462802272,0.0028311833737380315,0.0046305888854758,0.027150353692860466,0.004485894622334934,0.0035482608258666283,0.0044150136431676725,0.0036599960242596537,0.006391695010288732,0.004304728119716438,0.0030514705362256036,0.014689514243784412,0.003021893402035684
body,0.10785129836546391,0.10827070382158695,0.10787849658690533,0.10785712623408987,0.10797607273797309,0.10781743119549075,0.0,0.10787552663805848,0.1084136392142581,0.10785492694583544,0.10785200669774336,0.10864874089779322,0.10785498187137428,0.10783846633241369,0.10786484970592616,0.10785409848223193,0.107850445843062,0.10785075824467073,0.10806915384843495,0.10790032823512534,0.1078564511191566,0.10785774184368449,0.10810661150761218,0.10790374979763385,0.10785556774204809,0.10784736640735275,0.10788998206022757,0.1078128961629422,0.1078457402558821,0.10796785540906517,0.10785391997266636,0.10799721842569081,0.10687417580269615,0.10787918300412788,0.10785413967670511,0.10790813223333427,0.11118283053203681,0.10794456024287463,0.10787433794917901,0.10790562962192317,0.1078770184869909,0.10802532474051772,0.10795364706456939,0.10787113105523011,0.10881215101468189,0.10785839892867341
cat,0.003992954117893102,0.00973346912377355,0.0032824919165853933,0.0027870833925405705,0.005761389181267228,0.0035814616729584496,0.10787552663805848,0.0,0.011401462801853576,0.0022091585848805725,0.00219795701901306,0.013479007211418636,0.0022118385194505033,0.0026091480506417945,0.0026497013499053395,0.002162863521049869,0.0027500840832101886,0.002337761531783677,0.008157961869164303,0.004271318993973624,0.002558131335371264,0.002600619851884815,0.008630329761697525,0.007566539858287514,0.002240225015746241,0.004024357368050895,0.0032312590418229585,0.009092230190251478,0.002515710152552785,0.005670510143808728,0.002159437109982926,0.005966096114547654,0.009686497622879106,0.003568143079656202,0.0021621786732240406,0.004235545810345531,0.027094667713535803,0.0049217071417589735,0.0030145729006980913,0.004087134529308491,0.0031453244320483135,0.006510503264227308,0.005117131003136773,0.0028756561772087155,0.014479263495892335,0.0023726218869660576
ceo,0.011620962335074089,0.014680464721940893,0.011485025726586351,0.011311807191978088,0.012396970475699216,0.011412085223800097,0.1084136392142581,0.011401462801853576,0.0,0.011209638929147074,0.011199769755357102,0.017450467989361403,0.011210167389687947,0.011279531786810218,0.011304713199032881,0.01120007829867331,0.011328662133430588,0.011213524734145828,0.012392937892970314,0.011407057757020174,0.01128360133989616,0.011280625896975907,0.011972318252827043,0.012931388694186183,0.01121580275280701,0.011568209081409308,0.01154649946545181,0.014160954462376129,0.011274059643285343,0.011347003979129834,0.011199946066864317,0.012504796124556317,0.01453861529784782,0.011554534534354748,0.011199681598562645,0.01031858326427558,0.02924388293870921,0.012041545766966106,0.011395756799893606,0.011725199014488574,0.011431040593556568,0.012773498973351526,0.012087660961721678,0.01133060113160892,0.018249793063820935,0.011242995948020635
club,0.0033911210005892,0.009502443908621122,0.0025857710116500847,0.0018079165641156094,0.005361867617823167,0.0028953215310061776,0.10785492694583544,0.0022091585848805725,0.011209638929147074,0.0,0.0006315711309423968,0.013395574068614904,0.0006695137707042424,0.0015374240154249889,0.0016052838679584981,0.0005076353313873845,0.0017660638487222494,0.0010105186947925217,0.007965126091915912,0.003727595587655018,0.0013829179000575261,0.0015229059941621538,0.008368907386790685,0.007242178930627825,0.0007580416704989674,0.003428041901555923,0.0028464092625654705,0.008803967320446648,0.0013728862388030466,0.0052640957764914665,0.0004681748444855095,0.005581247342759344,0.009454324685088842,0.0028788303336487312,0.0005163134870433616,0.003673672190679675,0.027018236158514626,0.004447383527679944,0.002154917359589672,0.0035015264833645576,0.002334327491136937,0.006159762317374921,0.004662729753728087,0.001982939572785165,0.014416495505379464,0.0010293050337266255
couple,0.003192874699972967,0.00950046954754034,0.0025785059844686434,0.0017681590729122924,0.005358367824096382,0.002735765838984364,0.10785200669774336,0.00219795701901306,0.0111997697553571,0.0006315711309423968,0.0,0.013392551788616041,0.00064088226408079,0.0015251734296322511,0.001593555045794937,0.0003962143036266611,0.0017554096117471702,0.0009917809333597253,0.007933703026418708,0.0037172512661612835,0.0014361533237425218,0.001502673646657451,0.008279356234505946,0.007264366859358216,0.0007328769074432428,0.0033772629611512144,0.0028398110988707,0.008824242445248503,0.0013591534173688718,0.0052605309362578605,0.0004262265503927898,0.005577885198559481,0.009448892672264664,0.0028723066474850437,0.00045098821977713506,0.0036685622186115245,0.02701608002563217,0.004374863330632399,0.002146194356043187,0.0034961649132948624,0.0023262773315166816,0.006128990429370546,0.004537383065183899,0.0019026435463190693,0.014398403779787327,0.001071370644921122
dog,0.01380234420532237,0.01641040658113167,0.013219575368177866,0.01350292030679186,0.014405884790464063,0.013688969672311604,0.10864874089779322,0.013479007211418636,0.017450467989361403,0.013395574068614904,0.013392551788616041,0.0,0.01339601629629949,0.013467318832075092,0.013475234328882252,0.013387722096382533,0.013470360985276682,0.013417382455385405,0.015516248773994106,0.013884293078929652,0.0134575279640655,0.01346566918458247,0.015781115764426753,0.015097624668715736,0.013400732483553716,0.013752789736068265,0.013678707892618271,0.015517312145291786,0.013388312075859317,0.014257899279299392,0.013387463972185619,0.01449673500560099,0.01636558596484973,0.01366339712076936,0.013387463972185617,0.013866139896097602,0.03014946249999867,0.014099085933628385,0.013551703684342416,0.01382988400657295,0.013581387585863108,0.014729143754071755,0.014168488016646663,0.013517828532448163,0.01791551174947959,0.013286186384419887
event,0.0033928674633133785,0.009503067305847313,0.0025880609938066304,0.0017620060173007483,0.00533176838834437,0.002897366865083091,0.10785498187137428,0.0022118385194505033,0.011210167389687947,0.0006695137707042424,0.00064088226408079,0.01339601629629949,0.0,0.0014731447817415292,0.001608969943691074,0.0005191739714645187,0.0017694150165343079,0.001016364115609481,0.007965869798276463,0.0037185790693384773,0.0014532387845840914,0.0015267909647454947,0.008369615214073652,0.00726776392455511,0.0007658166602956129,0.0034297695639498305,0.002848489717901746,0.008882789721855579,0.001377194469807455,0.005265221014074221,0.00048066169806059247,0.00558230865180632,0.009454951254980306,0.0028808873759502518,0.0005276623919480492,0.0036752843900229905,0.027018455416626626,0.004448715345496087,0.0021576646657055828,0.0035032179059654323,0.0023368638853923708,0.00616072396634726,0.004664000079253285,0.0019859248052962316,0.014416906417106265,0.0010941671053917932
evil-omen,0.003619551630503875,0.009603317766975485,0.0028996755997006953,0.001993863574458754,0.005405880471301519,0.003134073499326952,0.10783846633241369,0.0026091480506417945,0.011279531786810217,0.0015374240154249889,0.0015251734296322511,0.013467318832075092,0.0014731447817415292,0.0,0.002122311992555322,0.0014781628890921069,0.0022463867464842264,0.0014695379307428256,0.007942533905704022,0.00396777698579004,0.002006820091354063,0.0020038659875572695,0.008331662003620463,0.007353120426250066,0.001581739255133162,0.003685106509233347,0.003077736568857409,0.008943051513081555,0.0015383870120840406,0.005435909893365663,0.001465080059937127,0.005751312354417431,0.009439169931508186,0.003196081348613081,0.0014811655930108626,0.003927230482361527,0.02702444778285362,0.004659022659238229,0.002553350634778859,0.0036560223546763322,0.002595109051369171,0.006164088556301947,0.0048650098307524035,0.002331682479873059,0.014483183854168346,0.0017642634634782695
fashionshow,0.0036932691793552966,0.009614415001810006,0.0029709842334197174,0.002337603148644295,0.0055578916813481824,0.003243982484300216,0.10786484970592616,0.0026497013499053395,0.011304713199032881,0.0016052838679584981,0.001593555045794937,0.013475234328882252,0.001608969943691074,0.002122311992555322,0.0,0.0015486217163049939,0.0022933637104267366,0.0017781123763879005,0.008098380656073058,0.004004435597639674,0.0016906584197724562,0.0021118187085054584,0.008402345825785211,0.006992478871701455,0.0016477750953183842,0.003727198260001981,0.0032004032996728942,0.008830170548492115,0.0020063280427770084,0.005450058728807028,0.0015361390807956407,0.005769823003489525,0.009566858985143391,0.002492050910780626,0.0015514880622942353,0.003916657169165476,0.027057819954826475,0.0046818538884524745,0.0026046505364826908,0.0037948943732654815,0.0027549265736887276,0.00633113002528701,0.004886878793958351,0.002464261540473344,0.014490544442744896,0.0018237020760219142
first-birthday,0.003364668566756721,0.00949303603490339,0.002550981114821027,0.0017734558955600514,0.005345177010590417,0.0027589455490673476,0.10785409848223193,0.002162863521049869,0.01120007829867331,0.0005076353313873845,0.0003962143036266611,0.013387722096382533,0.0005191739714645187,0.0014781628890921069,0.0015486217163049939,0.0,0.0017147228467735746,0.0009178458236592949,0.007953900086347783,0.0036992792767411094,0.0013861269442333245,0.0014630569334576988,0.008288474011587664,0.007254642472484421,0.000629221819151635,0.0034018765707042897,0.0028148425557217465,0.008831232712471809,0.0013061812845766869,0.005247094173688798,0.00020119793361925682,0.005565214715043963,0.009444868880750216,0.0028476230462299067,0.0002287544348556329,0.00364926845930206,0.02701317445575331,0.004344857443505069,0.0021130456100483374,0.0034759143598752534,0.0022957303324566006,0.006111890813606807,0.004497056771243132,0.0018465510462943257,0.014410296165593195,0.0010033177936384972
food,0.003765937128021602,0.009642562991656584,0.0030381846665798115,0.0024508026647585414,0.005606443182859805,0.0033264797578645283,0.107850445843062,0.0027500840832101886,0.011328662133430588,0.0017660638487222494,0.0017554096117471702,0.013470360985276682,0.0017694150165343079,0.0022463867464842264,0.0022933637104267366,0.0017147228467735746,0.0,0.0019245074289541398,0.008131778063357001,0.0040715537177691335,0.0014535784454008328,0.0022364756825482162,0.008145850199693567,0.007449236557639027,0.0018047736660831899,0.003799217299707618,0.003283995508765656,0.0090307773437847,0.002038790661116523,0.005430730931437015,0.0017034578059299042,0.005816605772495908,0.009595146484689784,0.002357056783923293,0.0017173119776200734,0.003675418708046897,0.02706783452603554,0.004715998166349883,0.0026297375461863293,0.003826632935530074,0.0028516075549507433,0.0063737942089564315,0.004942026868388686,0.002571892330734688,0.014509235798904117,0.001931245198077855
good-omen,0.0034762694036816434,0.009533162516333533,0.002674411939341305,0.0017837948108765638,0.005313334351323129,0.002994600823856827,0.10785075824467072,0.002337761531783677,0.011213524734145828,0.0010105186947925217,0.0009917809333597253,0.013417382455385405,0.001016364115609481,0.0014695379307428256,0.0017781123763879005,0.0009178458236592949,0.0019245074289541398,0.0,0.008001748620548865,0.003805222226288656,0.0016385366362648153,0.0017041097363113232,0.008285212430496135,0.007307071356325137,0.0010767425414410332,0.0034727173321639285,0.0028568395891026897,0.00891497911304708,0.001169065525359663,0.005269742981580906,0.0008966242308487212,0.005633388787168365,0.009454598814525718,0.0029786593320270944,0.0009226738011013997,0.003752414514803666,0.027012064226251943,0.004512645296122324,0.002280086883336532,0.003517316551165242,0.0023798282909262666,0.0061193374385271285,0.0047250181039480916,0.0021252756705080504,0.014436761755427092,0.0013304514263527338
group,0.0077996129547044475,0.012381569900074108,0.008348236021976162,0.008053665994765015,0.009578959092980363,0.007925263742313164,0.10806915384843495,0.008157961869164303,0.012392937892970314,0.007965126091915912,0.007933703026418706,0.015516248773994106,0.007965869798276463,0.007942533905704022,0.008098380656073058,0.007953900086347783,0.008131778063357001,0.008001748620548865,0.0,0.008616203783903341,0.008068883933728163,0.008024712390956376,0.011403595052387546,0.009149441525880929,0.007973798350105385,0.008619297162131657,0.008306857829668854,0.011302653591681974,0.008055535337805009,0.009459669501032572,0.007951479147865478,0.009703460973023425,0.01182606960148167,0.008443606874071445,0.007954458659823015,0.008746582207840026,0.028154642077531152,0.009098684146414217,0.008224992509455034,0.008675685602166198,0.008273809146324813,0.010047363074980546,0.009205861269334427,0.008181618562561315,0.016457283360584055,0.008012002660101809
kids,0.004871854426965491,0.010186020243225844,0.004488293649440276,0.004090122874138198,0.0064967832432656,0.004667988181997926,0.10790032823512535,0.004271318993973624,0.011407057757020174,0.003727595587655018,0.0037172512661612835,0.013884293078929652,0.0037185790693384773,0.00396777698579004,0.004004435597639674,0.0036992792767411094,0.0040715537177691335,0.003805222226288656,0.008616203783903341,0.0,0.00394444205699133,0.003918575349101284,0.009017054775331814,0.0080640559533203,0.0037460906733725596,0.004895104891406099,0.0046433408068905,0.009466351709499667,0.0039170632856274845,0.0063439049355315325,0.003698345014182025,0.006678988700392766,0.010005492924928012,0.004663285563725653,0.003698345014182025,0.0050615771035464755,0.027266163156487257,0.005765222320188088,0.004254672371120594,0.0050714155689136125,0.004347384770120772,0.007169465807538806,0.005932926505125206,0.004138835812498157,0.014875950753331443,0.003826737753029858
landscape,0.0036281339441225063,0.009589582603656298,0.002889613469055461,0.0022332727477560616,0.005514823535428629,0.003169627903045528,0.1078564511191566,0.002558131335371264,0.01128360133989616,0.0013829179000575261,0.0014361533237425218,0.0134575279640655,0.0014532387845840914,0.002006820091354063,0.0016906584197724562,0.0013861269442333245,0.0014535784454008328,0.0016385366362648153,0.008068883933728163,0.00394444205699133,0.0,0.001995719655390469,0.008105083328458032,0.007340689586051283,0.0014960887173124792,0.003616276820147532,0.0031250119945170356,0.008782240211278578,0.0018837385435754108,0.005366354142422056,0.001372166885209618,0.005728348468530443,0.009525125405298011,0.001830844572751889,0.0013893285762409517,0.003625381341474678,0.0270490062551866,0.004630645151394754,0.002511438452862773,0.0037315334635455435,0.0026669718993147453,0.006293355709191154,0.0048378407406773965,0.002271627225338601,0.014474080175696248,0.00153969011000634
location,0.0036319417960780534,0.009601004228587577,0.0029272946017706806,0.0022186354498916388,0.0055346604513670525,0.003114321789712264,0.10785774184368449,0.002600619851884815,0.011280625896975906,0.0015229059941621538,0.001502673646657451,0.01346566918458247,0.0015267909647454947,0.0020038659875572695,0.0021118187085054584,0.0014630569334576988,0.0022364756825482162,0.0017041097363113232,0.008024712390956376,0.003918575349101284,0.001995719655390469,0.0,0.008422591340352278,0.00733853725053564,0.0015676316962471547,0.0036518678784320194,0.0031598872845220874,0.008943879490710231,0.0019410457453549728,0.005439995064790148,0.0014498377998503477,0.005747448465356092,0.009479928017716044,0.00318912308492506,0.0014660905762498922,0.003921569752718811,0.02705305762900255,0.00465425205625402,0.002554703659434258,0.0037607884378902823,0.0026835795095423312,0.006310745896280242,0.004860441411761595,0.002307847917980734,0.014481649927321547,0.0017516265676261766
lookbook,0.008944826587795891,0.01264510381052608,0.00864821523118305,0.008359198212074637,0.009853727634675333,0.00810535402700526,0.10810661150761218,0.008630329761697525,0.011972318252827043,0.008368907386790685,0.008279356234505946,0.015781115764426753,0.008369615214073652,0.008331662003620463,0.008402345825785211,0.008288474011587664,0.008145850199693567,0.008285212430496135,0.011403595052387548,0.009017054775331814,0.008105083328458032,0.008422591340352278,0.0,0.010722554887292093,0.008377161650386327,0.008738689447369788,0.008022312821930161,0.011411518347411715,0.008242125446457787,0.009356403040758675,0.00835591992706366,0.010037556079223107,0.012057446617932588,0.008191236887284086,0.008243383155316178,0.007833366855937277,0.028093135451309755,0.008807774407621049,0.008600088800575747,0.008751263991076771,0.00845558395891909,0.009512607973565675,0.008335216353367215,0.008100879573179133,0.016656456790059428,0.008413534561291021
model-and-actor,0.007748931167975729,0.011944395506277945,0.007684943428457492,0.0074146624353500995,0.008996342315697882,0.007204453375964784,0.10790374979763385,0.007566539858287514,0.012931388694186183,0.007242178930627825,0.007264366859358216,0.015097624668715736,0.00726776392455511,0.007353120426250065,0.006992478871701455,0.007254642472484421,0.007449236557639027,0.007307071356325137,0.009149441525880929,0.0080640559533203,0.007340689586051282,0.00733853725053564,0.010722554887292093,0.0,0.007276453184630199,0.007466694990697241,0.007776515251957049,0.009612033159172145,0.007365932418818195,0.00862312574870428,0.007251988103886487,0.009139062625617592,0.011386436748559247,0.00771405238430195,0.007255254881174401,0.00802771938459679,0.02797064941847381,0.00849419590168375,0.007550881577707534,0.00800400701554411,0.007604027131052319,0.009503410734070907,0.008608901935218178,0.007396463845483571,0.01508687128832671,0.007318298808155491
model-works,0.0034114407672801257,0.00950971433348628,0.0026123625691533738,0.0018606663747262134,0.0053747419304636754,0.0029190945918095342,0.10785556774204809,0.002240225015746241,0.01121580275280701,0.0007580416704989674,0.0007328769074432428,0.013400732483553716,0.0007658166602956129,0.001581739255133162,0.0016477750953183842,0.000629221819151635,0.0018047736660831899,0.0010767425414410332,0.007973798350105385,0.0037460906733725596,0.0014960887173124792,0.0015676316962471547,0.008377161650386327,0.007276453184630199,0.0,0.003448144101809967,0.002870587423863314,0.00888990054656144,0.0014223371937478432,0.005277208619345933,0.0005978412440044131,0.005593616752073916,0.009461632085380615,0.0029027384584147053,0.0006362437307562164,0.0036924373837069896,0.027020794059118447,0.004462896672599828,0.002186754511755866,0.0035212091931220275,0.002363749416478274,0.006170972230902985,0.004677528751843745,0.0020174924578151778,0.014421288747010442,0.001150469530049235
musician,0.004612004455663863,0.010080253509169532,0.004242791804616849,0.003665024401444409,0.006309357227637088,0.003730699172182318,0.10784736640735275,0.004024357368050895,0.011568209081409306,0.003428041901555923,0.0033772629611512144,0.013752789736068265,0.0034297695639498305,0.0036851065092333474,0.003727198260001981,0.0034018765707042897,0.003799217299707618,0.0034727173321639285,0.008619297162131657,0.004895104891406099,0.0036162768201475314,0.0036518678784320194,0.008738689447369788,0.007466694990697241,0.003448144101809967,0.0,0.004406485704351315,0.008747672156985629,0.0036331649009271206,0.006216959770596587,0.0033962123398932273,0.006516547588538906,0.009742663126501608,0.004427497562119042,0.0034031823620747793,0.004906431685703073,0.027226827866828358,0.005576225498929621,0.003994839095545016,0.004794714082106569,0.00409295827312449,0.007018386023808184,0.005749445132265825,0.0037399578071292076,0.01480372970670771,0.0035355939026112705
panorama,0.004377824416815555,0.009897579765797294,0.003788384445712876,0.003278052301439381,0.0060025992053582096,0.004006061875675077,0.10788998206022757,0.0032312590418229585,0.01154649946545181,0.0028464092625654705,0.0028398110988707,0.013678707892618271,0.002848489717901746,0.003077736568857409,0.0032004032996728942,0.0028148425557217465,0.003283995508765656,0.00285683958910269,0.008306857829668854,0.0046433408068905,0.0031250119945170356,0.0031598872845220874,0.008022312821930161,0.007776515251957049,0.002870587423863314,0.004406485704351315,0.0,0.009246905126730234,0.0030475943495286697,0.00590649072617023,0.0028079944210839137,0.006230246133571898,0.009849386120887501,0.003994159370100976,0.0027070237289476633,0.004600164382758789,0.02715078199240649,0.005238784708890819,0.003508463169322186,0.004463892101914283,0.0036214264896180094,0.006753392983558813,0.005422793905371154,0.0034055387728150694,0.01467995189503207,0.002975062798560284
person,0.00906432025732908,0.012990463609511062,0.009113759959674112,0.008988284793738744,0.010250978747832947,0.00823426749148899,0.1078128961629422,0.009092230190251478,0.014160954462376129,0.00880396732044665,0.008824242445248503,0.015517312145291786,0.008882789721855579,0.008943051513081555,0.008830170548492115,0.008831232712471807,0.0090307773437847,0.00891497911304708,0.011302653591681974,0.009466351709499667,0.008782240211278578,0.008943879490710231,0.011411518347411715,0.009612033159172145,0.00888990054656144,0.008747672156985629,0.009246905126730234,0.0,0.008963287409105842,0.010245667959921113,0.008869886822195059,0.010469289682428258,0.011601402713347204,0.008823682984637465,0.008858971451772285,0.009550758973702516,0.028413432209848294,0.009473636805524705,0.009115885770466929,0.009462739664223634,0.009159955752590631,0.010538963232584998,0.00930512737887901,0.008631049911725914,0.016698285598479055,0.00889159755383637
portrait-strong,0.003598349282538137,0.009578353520046975,0.00278203071108381,0.002011120381171971,0.005385202564187561,0.0031354908206552897,0.1078457402558821,0.002515710152552785,0.011274059643285343,0.0013728862388030466,0.0013591534173688718,0.013388312075859317,0.001377194469807455,0.0015383870120840406,0.0020063280427770084,0.0013061812845766869,0.002038790661116523,0.001169065525359663,0.008055535337805009,0.0039170632856274845,0.0018837385435754108,0.0019410457453549728,0.008242125446457787,0.007365932418818195,0.0014223371937478432,0.0036331649009271206,0.0030475943495286697,0.008963287409105842,0.0,0.005399918542217181,0.0012913572718324913,0.005709530437747386,0.00949688924991705,0.003120269220506732,0.0013095783807808145,0.003865783657045338,0.026988382169017874,0.004607345891159522,0.0024481322582166672,0.0034827248770295995,0.0023797764309519544,0.005982250933996048,0.004815544068410838,0.0023195829943813257,0.014466642961486675,0.0016228892722714074
product,0.006226877650839404,0.01084300437491274,0.005808558600353285,0.005511174543725091,0.0074505379264473365,0.005889955839686494,0.10796785540906517,0.005670510143808728,0.011347003979129834,0.0052640957764914665,0.0052605309362578605,0.014257899279299392,0.005265221014074221,0.005435909893365663,0.005450058728807028,0.005247094173688798,0.005430730931437015,0.005269742981580906,0.009459669501032572,0.0063439049355315325,0.005366354142422056,0.005439995064790148,0.009356403040758675,0.00862312574870428,0.005277208619345933,0.006216959770596587,0.00590649072617023,0.010245667959921113,0.005399918542217181,0.0,0.005243423626114447,0.0076436002995279905,0.010774912607231221,0.005834845834057588,0.005247940858545285,0.006052051411662476,0.027518346402993644,0.006776143262558193,0.005461934406528324,0.006096342736173654,0.005720436038779196,0.008002751097595472,0.007001096513703216,0.005557025594275537,0.013721965660024106,0.0053139904930848535
profile-1,0.003358941592147291,0.009491007702836961,0.00254342263564469,0.001762566273600217,0.005341573862625187,0.0028575643031658686,0.10785391997266636,0.002159437109982926,0.011199946066864317,0.0004681748444855095,0.0004262265503927898,0.013387463972185619,0.00048066169806059247,0.001465080059937127,0.0015361390807956407,0.00020119793361925682,0.0017034578059299042,0.0008966242308487212,0.007951479147865478,0.003698345014182025,0.001372166885209618,0.0014498377998503477,0.00835591992706366,0.007251988103886487,0.0005978412440044131,0.0033962123398932273,0.0028079944210839137,0.008869886822195059,0.0012913572718324913,0.005243423626114447,0.0,0.005561754118969852,0.009442830202322823,0.0028408539330201303,0.00022218594852680204,0.0036439887957282584,0.027014216111079126,0.004422895795867091,0.0021039144007018924,0.0034703709733288233,0.0022873285323052185,0.006142105403310166,0.004639378809185672,0.0019273910677745948,0.014408960046979316,0.0009839413856362958
review,0.00649720115399748,0.011000470964070573,0.006115564807894606,0.005834190096738549,0.007711260956933682,0.0062527440346440725,0.10799721842569081,0.005966096114547654,0.012504796124556317,0.005581247342759344,0.005577885198559481,0.01449673500560099,0.00558230865180632,0.005751312354417431,0.005769823003489525,0.005565214715043963,0.005816605772495908,0.005633388787168365,0.009703460973023425,0.006678988700392766,0.005728348468530443,0.005747448465356092,0.010037556079223107,0.009139062625617592,0.005593616752073916,0.006516547588538906,0.006230246133571898,0.010469289682428258,0.005709530437747386,0.0076436002995279905,0.005561754118969852,0.0,0.010958931355107088,0.00624512492147316,0.005566013008588101,0.006649044183899088,0.027580772402384532,0.007105852618591804,0.005946224854605652,0.006555502185841482,0.006013568493893351,0.008285927407443366,0.007242580337916195,0.005886082784347031,0.015445040105208382,0.005647944304471944
seminude,0.009795017134230524,0.013388214772006824,0.009768761499359799,0.009542161504947886,0.010817221017771612,0.009532942431494605,0.10687417580269616,0.009686497622879106,0.01453861529784782,0.009454324685088842,0.009448892672264664,0.01636558596484973,0.009454951254980306,0.009439169931508186,0.009566858985143391,0.009444868880750216,0.009595146484689784,0.009454598814525718,0.01182606960148167,0.010005492924928012,0.009525125405298011,0.009479928017716044,0.012057446617932588,0.011386436748559247,0.009461632085380615,0.009742663126501608,0.009849386120887503,0.011601402713347204,0.00949688924991705,0.010774912607231221,0.009442830202322823,0.010958931355107088,0.0,0.009860807199962239,0.009445339282513569,0.010076672361242246,0.028589182580410665,0.010427227569549346,0.009671617347269294,0.010019335412379794,0.009681501829283823,0.011181080912765425,0.010520879397711591,0.009587503182443181,0.017227396704131398,0.009493851074060465
street,0.004398973178411527,0.009906952287168723,0.003746980093829089,0.0033429203211802687,0.006049866753475451,0.004029162462802272,0.10787918300412788,0.003568143079656202,0.011554534534354748,0.0028788303336487312,0.0028723066474850437,0.01366339712076936,0.0028808873759502518,0.003196081348613081,0.002492050910780626,0.0028476230462299067,0.002357056783923293,0.0029786593320270944,0.008443606874071445,0.004663285563725653,0.001830844572751889,0.00318912308492506,0.008191236887284086,0.00771405238430195,0.0029027384584147053,0.004427497562119042,0.003994159370100976,0.008823682984637466,0.003120269220506732,0.005834845834057588,0.0028408539330201303,0.00624512492147316,0.009860807199962239,0.0,0.0028491828654282248,0.004227963071869952,0.027163143199950442,0.005256470643504615,0.0035348171395997046,0.004484635001586002,0.0036469642470998505,0.0067671216325923215,0.005439881629231293,0.0034326830225152346,0.01468627270754473,0.0029221570406823692
tour,0.0033659887925171147,0.009493504049991467,0.0025527222009853767,0.001775959402893771,0.005346008161401777,0.0028311833737380315,0.10785413967670511,0.0021621786732240406,0.011199681598562645,0.0005163134870433616,0.00045098821977713506,0.013387463972185619,0.0005276623919480492,0.0014811655930108626,0.0015514880622942353,0.0002287544348556329,0.0017173119776200734,0.0009226738011013997,0.007954458659823015,0.003698345014182025,0.0013893285762409517,0.0014660905762498922,0.008243383155316178,0.007255254881174401,0.0006362437307562164,0.0034031823620747793,0.0027070237289476633,0.008858971451772285,0.0013095783807808145,0.005247940858545285,0.00022218594852680204,0.005566013008588101,0.009445339282513569,0.0028491828654282248,0.0,0.0036504857588116855,0.027014508498336934,0.004400964685823506,0.002115147214114102,0.0034771923479176544,0.0022976648464454927,0.006134867473146504,0.004596189034589549,0.001899007587543355,0.014410604483065241,0.0010077363654556275
uniform,0.004955720764835439,0.01016641071838408,0.004443610962165112,0.004047631350357531,0.00645499149602563,0.0046305888854758,0.10790813223333427,0.004235545810345531,0.01031858326427558,0.003673672190679675,0.0036685622186115245,0.013866139896097602,0.0036752843900229905,0.003927230482361527,0.003916657169165476,0.00364926845930206,0.003675418708046897,0.003752414514803666,0.008746582207840026,0.0050615771035464755,0.003625381341474678,0.003921569752718811,0.007833366855937277,0.00802771938459679,0.0036924373837069896,0.004906431685703073,0.004600164382758789,0.009550758973702516,0.003865783657045338,0.006052051411662476,0.0036439887957282584,0.006649044183899088,0.010076672361242246,0.004227963071869952,0.0036504857588116855,0.0,0.02725884355169256,0.005730504942905377,0.004207509415918754,0.005031913589489332,0.0043021566096856255,0.007141578149466412,0.005899196166825209,0.004005004014080998,0.014862530380625311,0.0037742310912200444
video-club,0.02722220391613646,0.02863293775789639,0.02711559445921532,0.027067095872780778,0.0275115689142671,0.027150353692860466,0.11118283053203681,0.027094667713535806,0.02924388293870921,0.027018236158514626,0.02701608002563217,0.03014946249999867,0.027018455416626626,0.02702444778285362,0.027057819954826475,0.02701317445575331,0.02706783452603554,0.027012064226251943,0.028154642077531152,0.027266163156487257,0.0270490062551866,0.02705305762900255,0.028093135451309755,0.02797064941847381,0.027020794059118447,0.027226827866828358,0.02715078199240649,0.028413432209848294,0.026988382169017874,0.027518346402993644,0.027014216111079126,0.027580772402384532,0.028589182580410665,0.027163143199950442,0.027014508498336934,0.02725884355169256,0.0,0.023549975962300913,0.027087838892609677,0.024814087422910382,0.027052966388523104,0.02619928955936301,0.027372934638538845,0.027074536199303653,0.030616727896163303,0.02703209274330469
video-entertainment,0.005553604341031765,0.01047087674326178,0.0051018654687064865,0.004760952890556977,0.006604381549459416,0.004485894622334934,0.10794456024287463,0.0049217071417589735,0.012041545766966106,0.004447383527679944,0.004374863330632399,0.014099085933628385,0.004448715345496087,0.004659022659238229,0.0046818538884524745,0.004344857443505069,0.004715998166349883,0.004512645296122324,0.009098684146414217,0.005765222320188088,0.004630645151394754,0.00465425205625402,0.008807774407621049,0.00849419590168375,0.004462896672599828,0.005576225498929621,0.005238784708890819,0.009473636805524705,0.004607345891159522,0.006776143262558193,0.004422895795867091,0.007105852618591804,0.010427227569549346,0.005256470643504615,0.004400964685823506,0.005730504942905377,0.023549975962300913,0.0,0.004745971954978525,0.0036236069227136513,0.00496544585790366,0.006126090085396669,0.00521971495192873,0.00446516371643291,0.015072430533683545,0.004530802711180189
video-excercise,0.003963201958153138,0.009721301783041324,0.003295737432487471,0.0027428493132451164,0.005683076169881629,0.0035482608258666283,0.10787433794917901,0.0030145729006980913,0.011395756799893606,0.002154917359589672,0.002146194356043187,0.013551703684342416,0.0021576646657055828,0.002553350634778859,0.0026046505364826908,0.0021130456100483374,0.0026297375461863293,0.002280086883336532,0.008224992509455034,0.004254672371120594,0.002511438452862773,0.002554703659434258,0.008600088800575747,0.007550881577707534,0.002186754511755866,0.003994839095545016,0.003508463169322186,0.009115885770466929,0.0024481322582166672,0.005461934406528324,0.0021039144007018924,0.005946224854605652,0.009671617347269294,0.0035348171395997046,0.002115147214114102,0.004207509415918754,0.027087838892609677,0.004745971954978525,0.0,0.003553343123740003,0.0030809829370754215,0.006314167367014857,0.005073848556123917,0.0027913754021809734,0.014561682965134836,0.0023222019274860154
video-fashion,0.004829491551721704,0.010105480060046869,0.004243228109824301,0.003875791714279424,0.006288019363219706,0.0044150136431676725,0.10790562962192317,0.004087134529308491,0.011725199014488574,0.0035015264833645576,0.0034961649132948624,0.01382988400657295,0.0035032179059654323,0.003656022354676332,0.0037948943732654815,0.0034759143598752534,0.003826632935530074,0.003517316551165242,0.008675685602166198,0.0050714155689136125,0.0037315334635455435,0.0037607884378902823,0.008751263991076771,0.00800400701554411,0.0035212091931220275,0.004794714082106569,0.004463892101914283,0.009462739664223636,0.0034827248770295995,0.006096342736173654,0.0034703709733288233,0.006555502185841482,0.010019335412379794,0.004484635001586002,0.0034771923479176544,0.005031913589489332,0.024814087422910382,0.0036236069227136513,0.0035533431237400035,0.0,0.00395253752448006,0.005932031953482448,0.005539341227748606,0.003925403867494838,0.01482091865115454,0.0036068879493355776
video-music,0.0040635434992535285,0.009762639211103685,0.0033621366849960724,0.0028701574570493657,0.00570576803605659,0.0036599960242596537,0.1078770184869909,0.0031453244320483135,0.011431040593556568,0.002334327491136937,0.0023262773315166816,0.013581387585863108,0.0023368638853923708,0.002595109051369171,0.0027549265736887276,0.0022957303324566006,0.0028516075549507433,0.0023798282909262666,0.008273809146324813,0.004347384770120772,0.0026669718993147453,0.0026835795095423312,0.00845558395891909,0.007604027131052319,0.002363749416478274,0.00409295827312449,0.0036214264896180094,0.009159955752590631,0.0023797764309519544,0.005720436038779196,0.0022873285323052185,0.006013568493893351,0.009681501829283823,0.0036469642470998505,0.0022976648464454927,0.0043021566096856255,0.027052966388523104,0.00496544585790366,0.0030809829370754215,0.00395253752448006,0.0,0.006112859993523877,0.005145991573798007,0.0029778719901430335,0.014589312073785892,0.0024895858694241714
